0	507
1	53
10	3806
100	177260
101	146408
102	157401
103	162617
104	146952
105	155546
106	139462
107	137122
108	135663
109	152692
11	7800
110	139460
111	158041
112	150579
113	141094
114	138666
115	136223
116	139044
117	136571
118	136437
119	130845
12	2828
120	150668
121	146743
122	151466
123	133506
124	146523
125	146691
126	134851
127	158492
128	145586
129	160827
13	3981
130	168271
131	163755
132	189935
133	182564
134	199521
135	241162
136	532109
137	369207
138	324323
139	341669
14	4865
140	1818962
141	699552
142	217302
143	46779
144	16875
145	1262
146	624
147	486
148	53
149	47
15	5717
150	22
151	28
152	9
153	6
154	20
155	10
156	14
157	10
158	8
159	10
16	7262
160	15
161	19
162	24
163	6
164	6
165	2
166	2
167	6
168	2
169	4
17	8300
170	7
171	4
172	3
173	5
174	3
175	2
176	2
177	6
178	2
179	5
18	9689
180	5
181	3
182	6
183	3
184	11
185	8
186	6
187	4
188	1
189	3
19	11628
190	2
192	1
193	9
194	24
195	4
196	7
197	2
198	3
199	3
2	120
20	31866
200	2
201	2
202	3
203	7
204	1
205	3
206	7
207	3
208	1
209	44
21	15458
210	1
211	1
212	1
213	1
214	2
215	3
216	1
217	2
22	17232
220	1
221	2
222	2
224	3
225	2
226	1
227	1
228	5
229	1
23	19900
231	1
232	2
235	1
237	1
24	26250
240	1
242	1
243	2
244	1
245	2
248	1
25	25875
250	9
251	1
252	2
253	1
254	1
256	3
258	1
26	29174
260	1
261	1
262	1
263	1
264	1
265	1
268	3
269	1
27	31734
271	1
272	1
278	2
28	35112
281	1
287	2
29	37889
291	1
293	1
294	1
3	175
30	39578
303	1
305	1
308	1
309	1
31	43590
32	49888
325	1
33	50175
332	1
336	1
34	56420
344	1
349	1
35	55764
359	1
36	62363
37	68337
376	1
38	65949
39	65890
4	228
40	68979
41	73379
42	74825
426	1
43	76145
44	80158
45	81776
46	83920
47	87690
48	92113
483	1
49	92161
5	254
50	97083
51	98683
52	107436
53	131699
54	109193
543	1
547	1
55	108017
550	1
551	1
56	109840
57	121087
58	114894
59	118281
6	286
60	121515
61	121805
62	126750
63	127212
64	125782
65	128578
66	137132
67	130044
68	135913
69	140154
7	1322
70	136784
71	136177
72	140470
73	144738
74	144832
75	140319
76	174689
77	144228
78	145601
79	158228
8	1158
80	153363
81	150615
82	145882
83	140209
84	158647
85	147467
86	140790
87	143580
88	150498
89	141825
9	688
90	145961
91	149911
92	139711
93	143077
94	147397
95	150845
96	147187
97	158378
98	158297
99	156179
